350,00	167,12
351,00	166,07
352,00	169,67
353,00	169,28
354,00	169,04
355,00	171,33
356,00	169,04
357,00	169,94
358,00	172,85
359,00	177,88
360,00	171,97
361,00	172,97
362,00	172,73
363,00	175,48
364,00	171,16
365,00	175,12
366,00	179,62
367,00	176,45
368,00	173,89
369,00	178,36
370,00	176,39
371,00	178,98
372,00	176,98
373,00	179,81
374,00	187,05
375,00	183,54
376,00	182,77
377,00	176,99
378,00	182,32
379,00	185,43
380,00	185,00
381,00	186,27
382,00	188,95
383,00	184,69
384,00	184,30
385,00	185,03
386,00	195,69
387,00	189,50
388,00	190,82
389,00	196,47
390,00	200,67
391,00	193,62
392,00	197,99
393,00	198,21
394,00	203,90
395,00	206,87
396,00	209,65
397,00	212,31
398,00	209,54
399,00	209,35
400,00	213,03
401,00	211,00
402,00	212,25
403,00	212,34
404,00	213,84
405,00	215,96
406,00	219,43
407,00	219,11
408,00	222,87
409,00	226,66
410,00	230,02
411,00	230,59
412,00	235,82
413,00	234,06
414,00	236,17
415,00	238,59
416,00	242,37
417,00	245,33
418,00	250,33
419,00	256,57
420,00	252,86
421,00	253,70
422,00	265,07
423,00	254,36
424,00	258,97
425,00	273,51
426,00	263,69
427,00	264,79
428,00	274,67
429,00	286,95
430,00	283,15
431,00	288,18
432,00	283,69
433,00	300,30
434,00	303,94
435,00	308,12
436,00	306,57
437,00	313,28
438,00	314,91
439,00	321,60
440,00	323,48
441,00	323,26
442,00	321,19
443,00	334,43
444,00	330,30
445,00	334,42
446,00	336,98
447,00	351,76
448,00	349,76
449,00	358,02
450,00	355,57
451,00	366,04
452,00	370,47
453,00	377,25
454,00	384,13
455,00	388,63
456,00	399,75
457,00	405,28
458,00	413,43
459,00	410,85
460,00	422,84
461,00	433,85
462,00	435,68
463,00	440,60
464,00	447,75
465,00	460,17
466,00	471,71
467,00	471,89
468,00	489,02
469,00	510,93
470,00	503,71
471,00	522,05
472,00	544,10
473,00	563,85
474,00	574,30
475,00	591,64
476,00	600,90
477,00	635,32
478,00	645,69
479,00	678,78
480,00	707,26
481,00	715,68
482,00	757,42
483,00	782,62
484,00	817,05
485,00	844,79
486,00	861,03
487,00	879,42
488,00	907,87
489,00	939,75
490,00	985,59
491,00	1009,03
492,00	1011,01
493,00	1040,81
494,00	1069,55
495,00	1089,43
496,00	1140,60
497,00	1146,74
498,00	1180,47
499,00	1197,10
500,00	1175,74
501,00	1211,38
502,00	1234,82
503,00	1251,21
504,00	1261,03
505,00	1297,72
506,00	1318,11
507,00	1342,42
508,00	1342,76
509,00	1378,25
510,00	1362,51
511,00	1415,69
512,00	1433,27
513,00	1421,36
514,00	1442,77
515,00	1467,37
516,00	1456,45
517,00	1496,77
518,00	1499,97
519,00	1498,05
520,00	1544,67
521,00	1559,02
522,00	1566,21
523,00	1543,93
524,00	1578,11
525,00	1602,50
526,00	1616,40
527,00	1630,62
528,00	1657,19
529,00	1671,42
530,00	1644,66
531,00	1664,05
532,00	1692,24
533,00	1698,88
534,00	1715,32
535,00	1717,63
536,00	1723,83
537,00	1745,27
538,00	1745,00
539,00	1793,35
540,00	1835,16
541,00	1792,06
542,00	1838,14
543,00	1846,40
544,00	1872,54
545,00	1887,07
546,00	1904,06
547,00	1917,79
548,00	1941,20
549,00	1969,35
550,00	1987,11
551,00	1976,91
552,00	2020,97
553,00	1993,67
554,00	2030,38
555,00	2053,68
556,00	2058,36
557,00	2067,74
558,00	2040,35
559,00	2057,58
560,00	2076,23
561,00	2073,30
562,00	2096,80
563,00	2081,85
564,00	2071,37
565,00	2076,53
566,00	2082,25
567,00	2082,95
568,00	2094,18
569,00	2104,09
570,00	2071,72
571,00	2113,08
572,00	2109,70
573,00	2109,36
574,00	2082,07
575,00	2115,32
576,00	2111,85
577,00	2119,82
578,00	2100,01
579,00	2130,61
580,00	2169,10
581,00	2175,17
582,00	2150,44
583,00	2167,12
584,00	2199,44
585,00	2206,27
586,00	2218,75
587,00	2246,70
588,00	2202,27
589,00	2210,74
590,00	2251,81
591,00	2234,59
592,00	2252,37
593,00	2274,29
594,00	2279,35
595,00	2253,60
596,00	2270,44
597,00	2281,14
598,00	2278,57
599,00	2300,75
600,00	2332,20
601,00	2322,10
602,00	2296,80
603,00	2293,31
604,00	2298,63
605,00	2302,43
606,00	2328,62
607,00	2323,01
608,00	2307,01
609,00	2304,87
610,00	2322,84
611,00	2324,96
612,00	2272,51
613,00	2302,95
614,00	2290,96
615,00	2309,14
616,00	2298,02
617,00	2309,64
618,00	2276,68
619,00	2296,55
620,00	2295,31
621,00	2284,14
622,00	2292,23
623,00	2289,89
624,00	2263,40
625,00	2285,84
626,00	2259,68
627,00	2273,80
628,00	2255,37
629,00	2260,96
630,00	2255,40
631,00	2262,08
632,00	2250,21
633,00	2260,33
634,00	2253,75
635,00	2267,63
636,00	2228,47
637,00	2237,72
638,00	2215,80
639,00	2243,93
640,00	2241,92
641,00	2224,04
642,00	2223,39
643,00	2229,52
644,00	2222,84
645,00	2225,73
646,00	2228,52
647,00	2213,96
648,00	2224,31
649,00	2246,61
650,00	2223,81
651,00	2197,17
652,00	2180,92
653,00	2210,65
654,00	2214,05
655,00	2206,36
656,00	2199,27
657,00	2217,14
658,00	2214,57
659,00	2182,45
660,00	2160,97
661,00	2154,94
662,00	2159,71
663,00	2130,15
664,00	2121,67
665,00	2118,36
666,00	2163,43
667,00	2183,33
668,00	2111,13
669,00	2097,24
670,00	2116,33
671,00	2080,87
672,00	2097,09
673,00	2079,81
674,00	2036,91
675,00	2069,22
676,00	2026,91
677,00	2042,49
678,00	2034,72
679,00	2024,42
680,00	2012,79
681,00	1990,27
682,00	2005,02
683,00	1995,19
684,00	1961,79
685,00	1953,06
686,00	1923,83
687,00	1931,79
688,00	1913,35
689,00	1913,48
690,00	1915,22
691,00	1888,70
692,00	1912,81
693,00	1919,66
694,00	1924,14
695,00	1873,62
696,00	1880,46
697,00	1899,29
698,00	1860,11
699,00	1860,09
700,00	1846,03
701,00	1856,94
702,00	1841,64
703,00	1816,39
704,00	1803,82
705,00	1810,64
706,00	1792,98
707,00	1797,97
708,00	1773,06
709,00	1756,81
710,00	1764,66
711,00	1754,68
712,00	1757,86
713,00	1750,15
714,00	1770,13
715,00	1728,66
716,00	1702,76
717,00	1708,04
718,00	1713,10
719,00	1697,82
720,00	1679,01
721,00	1675,02
722,00	1634,53
723,00	1644,04
724,00	1625,55
725,00	1620,73
726,00	1614,24
727,00	1609,12
728,00	1592,63
729,00	1599,87
730,00	1585,22
731,00	1579,55
732,00	1585,63
733,00	1579,34
734,00	1554,14
735,00	1574,97
736,00	1567,98
737,00	1569,87
738,00	1540,21
739,00	1515,60
740,00	1512,86
741,00	1496,35
742,00	1492,85
743,00	1515,33
744,00	1484,67
745,00	1461,95
746,00	1445,61
747,00	1421,51
748,00	1419,55
749,00	1435,58
750,00	1406,74
751,00	1419,37
752,00	1375,81
753,00	1362,88
754,00	1361,48
755,00	1331,80
756,00	1342,28
757,00	1317,82
758,00	1345,03
759,00	1355,00
760,00	1344,70
761,00	1312,67
762,00	1303,51
763,00	1296,41
764,00	1282,04
765,00	1284,16
766,00	1265,74
767,00	1260,70
768,00	1224,23
769,00	1243,46
770,00	1221,98
771,00	1243,80
772,00	1210,91
773,00	1230,74
774,00	1192,18
775,00	1203,02
776,00	1203,83
777,00	1190,22
778,00	1170,91
779,00	1159,34
780,00	1147,37
781,00	1146,46
782,00	1153,45
783,00	1127,20
784,00	1132,67
785,00	1120,97
786,00	1130,26
787,00	1099,08
788,00	1087,52
789,00	1096,52
790,00	1096,25
791,00	1082,16
792,00	1067,43
793,00	1056,44
794,00	1071,38
795,00	1064,01
796,00	1052,61
797,00	1036,28
798,00	1050,85
799,00	1033,88
800,00	1001,40
801,00	1020,42
802,00	993,01
803,00	1003,11
804,00	1007,00
805,00	1011,70
806,00	1043,86
807,00	1027,18
808,00	1034,59
809,00	1046,71
810,00	1055,00
811,00	1037,92
812,00	1046,11
813,00	1056,04
814,00	1036,71
815,00	1037,95
816,00	1037,86
817,00	1023,55
818,00	1038,73
819,00	1024,03
820,00	1018,38
821,00	990,26
822,00	999,67
823,00	973,29
824,00	974,32
825,00	955,15
826,00	956,16
827,00	927,14
828,00	937,40
829,00	932,56
830,00	924,65
831,00	883,61
832,00	889,98
833,00	885,23
834,00	871,32
835,00	851,62
836,00	837,76
837,00	833,66
838,00	843,76
839,00	819,98
840,00	815,12
841,00	814,40
842,00	811,47
843,00	809,19
844,00	782,20
845,00	766,51
846,00	760,30
847,00	747,41
848,00	755,68
849,00	745,14
850,00	735,52
851,00	733,08
852,00	720,40
853,00	721,35
854,00	709,13
855,00	715,36
856,00	700,17
857,00	684,47
858,00	681,61
859,00	662,76
860,00	668,95
861,00	658,40
862,00	657,00
863,00	646,53
864,00	656,91
865,00	640,94
866,00	631,76
867,00	654,10
868,00	657,90
869,00	647,65
870,00	650,91
871,00	659,21
872,00	655,74
873,00	649,03
874,00	660,01
875,00	645,08
876,00	664,20
877,00	653,01
878,00	643,23
879,00	662,54
880,00	642,15
881,00	659,85
882,00	643,42
883,00	660,44
884,00	654,55
885,00	648,48
886,00	650,58
887,00	646,33
888,00	649,88
889,00	651,49
890,00	635,22
891,00	638,10
892,00	616,92
893,00	627,29
894,00	626,34
895,00	611,09
896,00	604,56
897,00	602,65
898,00	595,80
899,00	605,66
900,00	592,05
901,00	588,48
902,00	574,52
903,00	570,41
904,00	557,72
905,00	557,86
906,00	543,64
907,00	532,68
908,00	541,84
909,00	540,87
910,00	528,75
911,00	520,23
912,00	514,75
913,00	516,03
914,00	509,30
915,00	505,13
916,00	498,82
917,00	495,85
918,00	480,13
919,00	485,57
920,00	471,67
921,00	467,25
922,00	469,42
923,00	472,54
924,00	457,39
925,00	451,44
926,00	446,36
927,00	428,07
928,00	425,46
929,00	415,39
930,00	423,93
931,00	406,26
932,00	408,44
933,00	409,80
934,00	393,64
935,00	376,77
936,00	363,86
937,00	349,43
938,00	339,98
939,00	317,69
940,00	313,06
941,00	308,84
942,00	297,87
943,00	288,58
944,00	289,23
945,00	284,95
946,00	287,41
947,00	292,39
948,00	289,52
949,00	293,30
950,00	290,54
951,00	300,59
952,00	295,07
953,00	296,40
954,00	304,57
955,00	311,95
956,00	305,56
957,00	295,21
958,00	298,51
959,00	297,13
960,00	300,57
961,00	294,92
962,00	296,34
963,00	299,10
964,00	300,48
965,00	287,45
966,00	289,74
967,00	286,19
968,00	287,19
969,00	284,18
970,00	278,62
971,00	276,86
972,00	282,08
973,00	280,10
974,00	273,82
975,00	273,87
976,00	267,96
977,00	261,08
978,00	265,30
979,00	269,14
980,00	261,34
981,00	260,14
982,00	265,72
983,00	261,23
984,00	261,96
985,00	253,25
986,00	248,48
987,00	250,84
988,00	248,41
989,00	240,86
990,00	246,87
991,00	242,44
992,00	243,03
993,00	237,12
994,00	240,96
995,00	236,01
996,00	228,68
997,00	231,98
998,00	235,79
999,00	229,86
1000,00	233,81
