350,00	29,959
351,00	-114,061
352,00	16,174
353,00	22,626
354,00	16,437
355,00	13,767
356,00	5,540
357,00	-98,394
358,00	-35,028
359,00	-14,580
360,00	58,312
361,00	42,199
362,00	11,918
363,00	23,260
364,00	13,659
365,00	34,740
366,00	-11,257
367,00	34,551
368,00	16,410
369,00	22,688
370,00	22,254
371,00	-45,406
372,00	-13,868
373,00	5,363
374,00	7,898
375,00	-1,618
376,00	22,816
377,00	22,424
378,00	24,462
379,00	20,747
380,00	45,506
381,00	46,737
382,00	25,541
383,00	10,925
384,00	51,403
385,00	36,430
386,00	20,057
387,00	29,248
388,00	22,951
389,00	37,220
390,00	9,522
391,00	49,506
392,00	24,677
393,00	48,170
394,00	29,143
395,00	33,918
396,00	24,201
397,00	34,294
398,00	30,395
399,00	36,113
400,00	40,075
401,00	38,340
402,00	31,586
403,00	42,165
404,00	45,320
405,00	38,626
406,00	43,787
407,00	49,094
408,00	40,919
409,00	36,934
410,00	42,191
411,00	40,563
412,00	36,758
413,00	33,180
414,00	40,219
415,00	38,167
416,00	31,680
417,00	32,841
418,00	35,913
419,00	32,925
420,00	29,293
421,00	27,290
422,00	29,731
423,00	32,269
424,00	28,220
425,00	27,192
426,00	17,375
427,00	21,923
428,00	22,073
429,00	21,978
430,00	20,399
431,00	17,342
432,00	14,329
433,00	21,017
434,00	15,089
435,00	15,761
436,00	10,107
437,00	12,358
438,00	13,552
439,00	8,503
440,00	10,919
441,00	8,476
442,00	7,242
443,00	6,942
444,00	7,386
445,00	8,154
446,00	7,774
447,00	9,520
448,00	10,489
449,00	5,779
450,00	8,513
451,00	7,070
452,00	7,728
453,00	6,234
454,00	4,920
455,00	4,113
456,00	5,231
457,00	1,006
458,00	2,524
459,00	7,634
460,00	5,072
461,00	3,632
462,00	4,638
463,00	1,101
464,00	4,781
465,00	5,901
466,00	1,264
467,00	2,908
468,00	1,899
469,00	3,123
470,00	3,777
471,00	1,458
472,00	1,647
473,00	0,188
474,00	1,392
475,00	2,840
476,00	1,253
477,00	0,220
478,00	2,262
479,00	1,828
480,00	1,691
481,00	-0,016
482,00	1,386
483,00	0,843
484,00	0,796
485,00	0,421
486,00	0,619
487,00	0,486
488,00	0,934
489,00	1,045
490,00	0,612
491,00	0,572
492,00	0,354
493,00	0,664
494,00	0,111
495,00	-0,186
496,00	0,431
497,00	0,107
498,00	0,180
499,00	0,308
500,00	0,517
501,00	-0,393
502,00	-0,192
503,00	0,008
504,00	0,305
505,00	0,422
506,00	0,686
507,00	0,130
508,00	0,244
509,00	0,234
510,00	-0,368
511,00	-0,355
512,00	0,097
513,00	-0,014
514,00	0,338
515,00	-0,357
516,00	-0,157
517,00	-0,201
518,00	0,060
519,00	0,028
520,00	0,301
521,00	-0,073
522,00	-0,174
523,00	0,093
524,00	0,003
525,00	-0,133
526,00	0,169
527,00	-0,068
528,00	0,050
529,00	-0,177
530,00	0,058
531,00	0,075
532,00	-0,215
533,00	0,128
534,00	0,232
535,00	-0,242
536,00	-0,463
537,00	-0,378
538,00	0,441
539,00	0,311
540,00	0,462
541,00	-0,036
542,00	0,263
543,00	0,041
544,00	0,056
545,00	-0,097
546,00	0,405
547,00	-0,140
548,00	-0,017
549,00	-0,100
550,00	0,325
551,00	0,169
552,00	-0,187
553,00	0,327
554,00	-0,169
555,00	0,392
556,00	0,107
557,00	0,096
558,00	-0,203
559,00	-0,167
560,00	0,167
561,00	-0,113
562,00	0,180
563,00	0,008
564,00	0,515
565,00	0,214
566,00	0,046
567,00	-0,067
568,00	-0,181
569,00	0,252
570,00	0,159
571,00	-0,210
572,00	-0,165
573,00	0,071
574,00	-0,088
575,00	0,104
576,00	0,163
577,00	-0,109
578,00	-0,337
579,00	0,010
580,00	-0,135
581,00	-0,266
582,00	0,155
583,00	0,303
584,00	-0,125
585,00	0,071
586,00	-0,144
587,00	-0,057
588,00	-0,359
589,00	0,158
590,00	0,019
591,00	-0,034
592,00	-0,045
593,00	0,030
594,00	0,069
595,00	-0,234
596,00	-0,186
597,00	0,383
598,00	-0,038
599,00	0,139
600,00	0,001
601,00	-0,241
602,00	-0,192
603,00	0,186
604,00	0,390
605,00	-0,051
606,00	-0,104
607,00	0,146
608,00	-0,039
609,00	0,092
610,00	0,359
611,00	-0,098
612,00	-0,385
613,00	0,111
614,00	-0,045
615,00	0,156
616,00	0,094
617,00	0,030
618,00	-0,136
619,00	0,051
620,00	0,028
621,00	-0,216
622,00	-0,042
623,00	-0,209
624,00	0,038
625,00	-0,118
626,00	0,089
627,00	-0,169
628,00	-0,184
629,00	0,084
630,00	0,033
631,00	-0,245
632,00	-0,046
633,00	0,007
634,00	0,270
635,00	0,049
636,00	-0,246
637,00	0,084
638,00	0,051
639,00	-0,112
640,00	-0,278
641,00	0,029
642,00	-0,306
643,00	-0,133
644,00	-0,002
645,00	0,002
646,00	0,060
647,00	-0,010
648,00	-0,195
649,00	-0,003
650,00	-0,260
651,00	0,038
652,00	-0,147
653,00	-0,155
654,00	-0,109
655,00	0,036
656,00	0,075
657,00	-0,021
658,00	0,050
659,00	0,348
660,00	-0,135
661,00	0,096
662,00	0,092
663,00	0,155
664,00	-0,109
665,00	-0,134
666,00	0,060
667,00	-0,316
668,00	0,154
669,00	0,263
670,00	-0,063
671,00	0,052
672,00	-0,632
673,00	-0,124
674,00	-0,113
675,00	0,373
676,00	0,236
677,00	-0,235
678,00	-0,040
679,00	0,239
680,00	-0,116
681,00	-0,067
682,00	-0,000
683,00	0,266
684,00	0,205
685,00	-0,117
686,00	-0,332
687,00	-0,000
688,00	-0,119
689,00	0,159
690,00	0,228
691,00	-0,163
692,00	0,034
693,00	-0,115
694,00	-0,064
695,00	-0,240
696,00	-0,162
697,00	-0,071
698,00	-0,087
699,00	0,321
700,00	0,260
701,00	0,128
702,00	0,237
703,00	0,292
704,00	0,165
705,00	0,365
706,00	-0,044
707,00	0,033
708,00	0,105
709,00	0,108
710,00	0,122
711,00	0,130
712,00	-0,403
713,00	0,056
714,00	0,099
715,00	0,329
716,00	0,057
717,00	0,331
718,00	-0,090
719,00	-0,119
720,00	0,482
721,00	0,306
722,00	0,109
723,00	0,215
724,00	0,147
725,00	0,126
726,00	0,085
727,00	-0,080
728,00	0,379
729,00	-0,138
730,00	0,157
731,00	0,175
732,00	-0,195
733,00	0,283
734,00	0,382
735,00	-0,059
736,00	-0,210
737,00	-0,069
738,00	0,276
739,00	0,146
740,00	-0,029
741,00	0,318
742,00	0,433
743,00	0,108
744,00	0,033
745,00	0,463
746,00	-0,050
747,00	0,203
748,00	0,076
749,00	0,335
750,00	-0,158
751,00	0,525
752,00	0,075
753,00	0,120
754,00	0,330
755,00	0,464
756,00	-0,278
757,00	-0,413
758,00	0,357
759,00	0,299
760,00	-0,031
761,00	-0,345
762,00	0,044
763,00	0,186
764,00	-0,088
765,00	-0,615
766,00	-0,277
767,00	-0,535
768,00	0,088
769,00	-0,169
770,00	0,488
771,00	0,084
772,00	-0,194
773,00	0,375
774,00	-0,297
775,00	0,006
776,00	0,290
777,00	-0,100
778,00	0,194
779,00	-0,450
780,00	-0,096
781,00	0,664
782,00	-0,373
783,00	-0,087
784,00	0,337
785,00	0,387
786,00	-0,223
787,00	0,235
788,00	0,305
789,00	0,014
790,00	0,714
791,00	0,221
792,00	-0,117
793,00	-0,391
794,00	0,496
795,00	-1,145
796,00	0,565
797,00	-0,221
798,00	-0,444
799,00	-0,147
800,00	-0,552
801,00	-0,502
802,00	0,313
803,00	-0,648
804,00	0,454
805,00	-0,095
806,00	0,187
807,00	0,508
808,00	-0,153
809,00	-0,137
810,00	0,084
811,00	0,241
812,00	0,784
813,00	-0,227
814,00	0,306
815,00	-0,111
816,00	0,515
817,00	0,617
818,00	-0,040
819,00	-0,199
820,00	0,067
821,00	-0,072
822,00	-0,157
823,00	0,339
824,00	0,107
825,00	0,502
826,00	0,661
827,00	-0,033
828,00	-0,108
829,00	-2,299
830,00	-0,155
831,00	0,147
832,00	-0,018
833,00	-0,370
834,00	-0,359
835,00	-0,255
836,00	0,246
837,00	0,460
838,00	-0,951
839,00	0,697
840,00	-0,298
841,00	0,577
842,00	0,489
843,00	-0,648
844,00	0,174
845,00	0,919
846,00	-0,187
847,00	0,653
848,00	0,874
849,00	0,054
850,00	-0,022
851,00	-0,705
852,00	0,259
853,00	1,681
854,00	-0,478
855,00	0,480
856,00	0,584
857,00	0,082
858,00	0,592
859,00	0,643
860,00	1,147
861,00	0,017
862,00	0,452
863,00	-0,984
864,00	0,026
865,00	-2,084
866,00	-0,499
867,00	0,098
868,00	0,680
869,00	-0,523
870,00	-0,415
871,00	-0,005
872,00	-0,126
873,00	0,730
874,00	1,521
875,00	-0,570
876,00	1,230
877,00	0,816
878,00	0,767
879,00	-0,880
880,00	0,527
881,00	-0,144
882,00	0,386
883,00	1,356
884,00	0,131
885,00	0,611
886,00	-2,188
887,00	0,792
888,00	-1,055
889,00	0,703
890,00	-0,565
891,00	0,257
892,00	-0,184
893,00	0,210
894,00	-0,698
895,00	1,069
896,00	-0,432
897,00	-0,076
898,00	-0,907
899,00	0,373
900,00	-0,392
901,00	-0,881
902,00	1,922
903,00	2,297
904,00	-0,085
905,00	0,695
906,00	1,752
907,00	-0,273
908,00	0,462
909,00	0,305
910,00	1,431
911,00	1,076
912,00	0,713
913,00	0,554
914,00	1,372
915,00	0,405
916,00	-2,046
917,00	-1,055
918,00	1,551
919,00	-0,580
920,00	1,125
921,00	0,226
922,00	0,922
923,00	0,755
924,00	0,755
925,00	-1,603
926,00	2,401
927,00	2,354
928,00	0,614
929,00	3,009
930,00	-0,654
931,00	1,227
932,00	0,316
933,00	0,226
934,00	-2,753
935,00	-1,012
936,00	1,371
937,00	0,018
938,00	0,346
939,00	1,309
940,00	-0,801
941,00	-2,362
942,00	-0,705
943,00	2,020
944,00	-1,418
945,00	2,491
946,00	-6,676
947,00	-2,776
948,00	1,141
949,00	-1,057
950,00	-0,482
951,00	3,948
952,00	-1,552
953,00	1,939
954,00	-1,811
955,00	-3,416
956,00	-0,731
957,00	-2,319
958,00	3,071
959,00	1,843
960,00	3,677
961,00	4,831
962,00	2,199
963,00	0,638
964,00	-1,317
965,00	-0,323
966,00	-2,753
967,00	-2,595
968,00	1,863
969,00	-1,552
970,00	4,309
971,00	-1,013
972,00	6,595
973,00	-1,124
974,00	1,901
975,00	-9,265
976,00	1,927
977,00	2,388
978,00	-3,167
979,00	1,747
980,00	3,952
981,00	-0,239
982,00	-0,670
983,00	-0,502
984,00	3,676
985,00	-2,019
986,00	-0,222
987,00	-0,989
988,00	0,037
989,00	-5,161
990,00	3,458
991,00	1,022
992,00	-0,007
993,00	0,502
994,00	-7,213
995,00	-13,165
996,00	7,980
997,00	7,287
998,00	6,164
999,00	2,787
1000,00	0,019
