350,00	-0,000
351,00	0,245
352,00	-0,000
353,00	0,159
354,00	0,107
355,00	-0,000
356,00	0,592
357,00	0,348
358,00	0,393
359,00	0,032
360,00	0,128
361,00	0,144
362,00	0,294
363,00	0,152
364,00	0,024
365,00	0,270
366,00	0,187
367,00	0,157
368,00	0,259
369,00	0,275
370,00	0,221
371,00	0,034
372,00	0,119
373,00	0,009
374,00	0,140
375,00	0,114
376,00	0,230
377,00	0,036
378,00	0,107
379,00	0,074
380,00	0,048
381,00	0,103
382,00	0,003
383,00	0,039
384,00	-0,053
385,00	0,067
386,00	0,009
387,00	0,030
388,00	-0,002
389,00	0,037
390,00	-0,002
391,00	0,038
392,00	0,010
393,00	0,003
394,00	0,032
395,00	0,012
396,00	0,018
397,00	-0,005
398,00	0,015
399,00	0,002
400,00	0,017
401,00	0,020
402,00	-0,002
403,00	0,002
404,00	0,008
405,00	-0,005
406,00	0,006
407,00	0,006
408,00	0,017
409,00	0,014
410,00	0,010
411,00	0,007
412,00	-0,003
413,00	0,016
414,00	0,001
415,00	0,011
416,00	0,003
417,00	0,002
418,00	-0,007
419,00	-0,007
420,00	-0,008
421,00	0,003
422,00	-0,001
423,00	0,004
424,00	0,001
425,00	-0,005
426,00	-0,010
427,00	-0,001
428,00	0,003
429,00	0,015
430,00	0,002
431,00	0,014
432,00	0,031
433,00	0,033
434,00	0,051
435,00	0,062
436,00	0,096
437,00	0,160
438,00	0,259
439,00	0,426
440,00	0,648
441,00	0,937
442,00	1,249
443,00	1,561
444,00	1,597
445,00	1,467
446,00	1,238
447,00	0,884
448,00	0,645
449,00	0,491
450,00	0,404
451,00	0,319
452,00	0,271
453,00	0,233
454,00	0,208
455,00	0,195
456,00	0,204
457,00	0,208
458,00	0,216
459,00	0,242
460,00	0,250
461,00	0,279
462,00	0,304
463,00	0,332
464,00	0,361
465,00	0,426
466,00	0,522
467,00	0,625
468,00	0,758
469,00	0,792
470,00	0,662
471,00	0,462
472,00	0,306
473,00	0,224
474,00	0,161
475,00	0,124
476,00	0,091
477,00	0,087
478,00	0,081
479,00	0,116
480,00	0,200
481,00	0,474
482,00	0,678
483,00	0,453
484,00	0,247
485,00	0,156
486,00	0,097
487,00	0,063
488,00	0,032
489,00	0,024
490,00	0,008
491,00	0,001
492,00	-0,009
493,00	-0,011
494,00	-0,012
495,00	-0,026
496,00	-0,017
497,00	-0,032
498,00	-0,032
499,00	-0,021
500,00	-0,037
501,00	-0,031
502,00	-0,026
503,00	-0,026
504,00	-0,029
505,00	-0,024
506,00	-0,026
507,00	-0,027
508,00	-0,020
509,00	-0,024
510,00	-0,032
511,00	-0,027
512,00	-0,023
513,00	-0,032
514,00	-0,028
515,00	-0,028
516,00	-0,033
517,00	-0,028
518,00	-0,031
519,00	-0,037
520,00	-0,035
521,00	-0,037
522,00	-0,030
523,00	-0,020
524,00	-0,027
525,00	-0,041
526,00	-0,041
527,00	-0,043
528,00	-0,044
529,00	-0,032
530,00	-0,039
531,00	-0,038
532,00	-0,039
533,00	-0,049
534,00	-0,039
535,00	-0,042
536,00	-0,045
537,00	-0,046
538,00	-0,044
539,00	-0,041
540,00	-0,050
541,00	-0,051
542,00	-0,046
543,00	-0,048
544,00	-0,049
545,00	-0,044
546,00	-0,049
547,00	-0,052
548,00	-0,048
549,00	-0,045
550,00	-0,050
551,00	-0,042
552,00	-0,051
553,00	-0,056
554,00	-0,048
555,00	-0,056
556,00	-0,051
557,00	-0,058
558,00	-0,055
559,00	-0,046
560,00	-0,049
561,00	-0,049
562,00	-0,043
563,00	-0,048
564,00	-0,059
565,00	-0,049
566,00	-0,044
567,00	-0,049
568,00	-0,049
569,00	-0,046
570,00	-0,036
571,00	-0,033
572,00	-0,026
573,00	-0,027
574,00	-0,007
575,00	-0,004
576,00	0,002
577,00	0,007
578,00	0,006
579,00	0,035
580,00	0,042
581,00	0,060
582,00	0,078
583,00	0,092
584,00	0,135
585,00	0,175
586,00	0,213
587,00	0,238
588,00	0,262
589,00	0,303
590,00	0,318
591,00	0,327
592,00	0,309
593,00	0,288
594,00	0,273
595,00	0,243
596,00	0,207
597,00	0,195
598,00	0,153
599,00	0,114
600,00	0,087
601,00	0,054
602,00	0,025
603,00	0,002
604,00	-0,003
605,00	-0,011
606,00	-0,017
607,00	-0,028
608,00	-0,032
609,00	-0,035
610,00	-0,036
611,00	-0,044
612,00	-0,053
613,00	-0,046
614,00	-0,055
615,00	-0,053
616,00	-0,060
617,00	-0,052
618,00	-0,050
619,00	-0,054
620,00	-0,047
621,00	-0,047
622,00	-0,049
623,00	-0,050
624,00	-0,058
625,00	-0,054
626,00	-0,054
627,00	-0,059
628,00	-0,055
629,00	-0,051
630,00	-0,059
631,00	-0,051
632,00	-0,052
633,00	-0,061
634,00	-0,051
635,00	-0,052
636,00	-0,055
637,00	-0,055
638,00	-0,057
639,00	-0,058
640,00	-0,055
641,00	-0,047
642,00	-0,056
643,00	-0,052
644,00	-0,058
645,00	-0,054
646,00	-0,048
647,00	-0,063
648,00	-0,052
649,00	-0,058
650,00	-0,050
651,00	-0,054
652,00	-0,054
653,00	-0,057
654,00	-0,059
655,00	-0,059
656,00	-0,060
657,00	-0,057
658,00	-0,059
659,00	-0,056
660,00	-0,053
661,00	-0,055
662,00	-0,054
663,00	-0,049
664,00	-0,053
665,00	-0,051
666,00	-0,055
667,00	-0,052
668,00	-0,051
669,00	-0,053
670,00	-0,056
671,00	-0,058
672,00	-0,054
673,00	-0,053
674,00	-0,050
675,00	-0,053
676,00	-0,049
677,00	-0,056
678,00	-0,051
679,00	-0,058
680,00	-0,057
681,00	-0,048
682,00	-0,055
683,00	-0,055
684,00	-0,064
685,00	-0,055
686,00	-0,055
687,00	-0,055
688,00	-0,052
689,00	-0,052
690,00	-0,059
691,00	-0,046
692,00	-0,052
693,00	-0,052
694,00	-0,053
695,00	-0,057
696,00	-0,059
697,00	-0,051
698,00	-0,054
699,00	-0,052
700,00	-0,051
701,00	-0,047
702,00	-0,047
703,00	-0,055
704,00	-0,054
705,00	-0,053
706,00	-0,056
707,00	-0,053
708,00	-0,055
709,00	-0,053
710,00	-0,056
711,00	-0,057
712,00	-0,052
713,00	-0,051
714,00	-0,049
715,00	-0,056
716,00	-0,054
717,00	-0,052
718,00	-0,049
719,00	-0,051
720,00	-0,050
721,00	-0,051
722,00	-0,052
723,00	-0,050
724,00	-0,052
725,00	-0,053
726,00	-0,049
727,00	-0,049
728,00	-0,050
729,00	-0,052
730,00	-0,046
731,00	-0,043
732,00	-0,030
733,00	-0,036
734,00	-0,038
735,00	-0,034
736,00	-0,030
737,00	-0,027
738,00	-0,034
739,00	-0,028
740,00	-0,023
741,00	-0,023
742,00	-0,028
743,00	-0,026
744,00	-0,027
745,00	-0,024
746,00	-0,028
747,00	-0,024
748,00	-0,030
749,00	-0,039
750,00	-0,041
751,00	-0,038
752,00	-0,037
753,00	-0,038
754,00	-0,043
755,00	-0,047
756,00	-0,045
757,00	-0,044
758,00	-0,046
759,00	-0,052
760,00	-0,046
761,00	-0,051
762,00	-0,052
763,00	-0,046
764,00	-0,046
765,00	-0,045
766,00	-0,054
767,00	-0,054
768,00	-0,050
769,00	-0,052
770,00	-0,055
771,00	-0,043
772,00	-0,049
773,00	-0,050
774,00	-0,052
775,00	-0,048
776,00	-0,045
777,00	-0,052
778,00	-0,050
779,00	-0,053
780,00	-0,057
781,00	-0,054
782,00	-0,051
783,00	-0,042
784,00	-0,052
785,00	-0,042
786,00	-0,051
787,00	-0,049
788,00	-0,053
789,00	-0,042
790,00	-0,036
791,00	-0,043
792,00	-0,034
793,00	-0,028
794,00	-0,021
795,00	-0,017
796,00	-0,011
797,00	-0,018
798,00	-0,022
799,00	-0,026
800,00	-0,032
801,00	-0,029
802,00	-0,030
803,00	-0,034
804,00	-0,031
805,00	-0,042
806,00	-0,034
807,00	-0,037
808,00	-0,043
809,00	-0,040
810,00	-0,036
811,00	-0,046
812,00	-0,053
813,00	-0,048
814,00	-0,049
815,00	-0,053
816,00	-0,046
817,00	-0,054
818,00	-0,048
819,00	-0,049
820,00	-0,047
821,00	-0,047
822,00	-0,049
823,00	-0,047
824,00	-0,050
825,00	-0,052
826,00	-0,046
827,00	-0,052
828,00	-0,045
829,00	-0,045
830,00	-0,046
831,00	-0,054
832,00	-0,047
833,00	-0,053
834,00	-0,053
835,00	-0,052
836,00	-0,047
837,00	-0,042
838,00	-0,049
839,00	-0,044
840,00	-0,049
841,00	-0,051
842,00	-0,052
843,00	-0,046
844,00	-0,054
845,00	-0,049
846,00	-0,050
847,00	-0,043
848,00	-0,054
849,00	-0,040
850,00	-0,043
851,00	-0,056
852,00	-0,038
853,00	-0,051
854,00	-0,043
855,00	-0,046
856,00	-0,051
857,00	-0,050
858,00	-0,043
859,00	-0,046
860,00	-0,046
861,00	-0,037
862,00	-0,040
863,00	-0,035
864,00	-0,032
865,00	-0,039
866,00	-0,042
867,00	-0,031
868,00	-0,036
869,00	-0,036
870,00	-0,037
871,00	-0,038
872,00	-0,041
873,00	-0,040
874,00	-0,034
875,00	-0,029
876,00	-0,041
877,00	-0,040
878,00	-0,037
879,00	-0,046
880,00	-0,041
881,00	-0,043
882,00	-0,038
883,00	-0,040
884,00	-0,043
885,00	-0,038
886,00	-0,051
887,00	-0,041
888,00	-0,042
889,00	-0,041
890,00	-0,041
891,00	-0,042
892,00	-0,046
893,00	-0,046
894,00	-0,047
895,00	-0,050
896,00	-0,057
897,00	-0,051
898,00	-0,040
899,00	-0,044
900,00	-0,050
901,00	-0,054
902,00	-0,056
903,00	-0,052
904,00	-0,053
905,00	-0,051
906,00	-0,048
907,00	-0,054
908,00	-0,048
909,00	-0,047
910,00	-0,050
911,00	-0,050
912,00	-0,046
913,00	-0,044
914,00	-0,048
915,00	-0,043
916,00	-0,051
917,00	-0,055
918,00	-0,045
919,00	-0,053
920,00	-0,044
921,00	-0,040
922,00	-0,039
923,00	-0,048
924,00	-0,041
925,00	-0,041
926,00	-0,035
927,00	-0,032
928,00	-0,048
929,00	-0,031
930,00	-0,038
931,00	-0,041
932,00	-0,038
933,00	-0,038
934,00	-0,031
935,00	-0,030
936,00	-0,024
937,00	-0,028
938,00	-0,025
939,00	-0,014
940,00	-0,032
941,00	-0,029
942,00	-0,026
943,00	-0,018
944,00	-0,012
945,00	-0,021
946,00	0,004
947,00	-0,006
948,00	-0,005
949,00	-0,002
950,00	-0,004
951,00	-0,006
952,00	0,004
953,00	0,012
954,00	0,007
955,00	0,013
956,00	0,018
957,00	0,020
958,00	0,007
959,00	0,023
960,00	0,027
961,00	0,037
962,00	0,027
963,00	0,037
964,00	0,042
965,00	0,053
966,00	0,045
967,00	0,038
968,00	0,040
969,00	0,041
970,00	0,057
971,00	0,043
972,00	0,046
973,00	0,054
974,00	0,048
975,00	0,042
976,00	0,052
977,00	0,043
978,00	0,043
979,00	0,021
980,00	0,063
981,00	0,052
982,00	0,043
983,00	0,061
984,00	0,051
985,00	0,076
986,00	0,043
987,00	0,057
988,00	0,055
989,00	0,055
990,00	0,024
991,00	0,050
992,00	0,071
993,00	0,044
994,00	0,068
995,00	0,045
996,00	0,060
997,00	0,055
998,00	0,067
999,00	0,059
1000,00	0,019
