MIN=0	-2000	-15	0
MAX=250	2000	15	350
SCALE=250	1000	5	100
DEC=0	0	2	1
DEF="Zeit" t / ms	"Relativdruck" p_B1 / hPa	"Weg" s_A1 / cm	"Volumen" V / cm^3
0	212	0,109955742875643	303,111747523381
1	218	0,0471238898038469	301,333606081449
2	224	-0,00785398163397448	299,777732319759
3	230	-0,0706858347057703	297,999590877827
4	237	-0,133517687777566	296,221449435895
5	243	-0,196349540849362	294,443307993963
6	250	-0,267035375555132	292,44289887179
7	257	-0,329867228626928	290,664757429858
8	265	-0,400553063332699	288,664348307685
9	274	-0,479092879672443	286,44167150527
10	281	-0,549778714378214	284,441262383097
11	291	-0,628318530717959	282,218585580682
12	300	-0,706858347057703	279,995908778267
13	310	-0,785398163397448	277,773231975852
14	319	-0,863937979737193	275,550555173437
15	330	-0,942477796076938	273,327878371023
16	341	-1,02101761241668	271,105201568608
17	352	-1,09955742875643	268,882524766193
18	363	-1,1702432634622	266,88211564402
19	375	-1,24878307980194	264,659438841605
20	388	-1,32732289614169	262,43676203919
21	400	-1,41371669411541	259,991817556534
22	413	-1,49225651045515	257,769140754119
23	426	-1,5707963267949	255,546463951704
24	439	-1,65719012476862	253,101519469048
25	453	-1,73572994110836	250,878842666633
26	459	-1,81426975744811	248,656165864219
27	475	-1,89280957378785	246,433489061804
28	492	-1,9713493901276	244,210812259389
29	503	-2,04203522483337	242,210403137216
30	522	-2,12057504117311	239,987726334801
31	542	-2,20696883914683	237,542781852145
32	556	-2,2776546738526	235,542372729971
33	572	-2,35619449019234	233,319695927557
34	588	-2,43473430653209	231,097019125142
35	609	-2,50542014123786	229,096610002969
36	632	-2,57610597594363	227,096200880795
37	653	-2,6467918106494	225,095791758622
38	670	-2,71747764535517	223,095382636449
39	697	-2,78816348006094	221,094973514275
40	723	-2,85884931476671	219,094564392102
41	744	-2,92953514947248	217,094155269929
42	766	-2,99236700254428	215,316013827997
43	785	-3,0473448739821	213,760140066307
44	807	-3,1101767270539	211,981998624375
45	827	-3,17300858012569	210,203857182443
46	846	-3,22798645156351	208,647983420753
47	856	-3,28296432300133	207,092109659062
48	871	-3,33008821280518	205,758503577613
49	897	-3,385066084243	204,202629815923
50	922	-3,43218997404685	202,869023734474
51	938	-3,4793138638507	201,535417653025
52	962	-3,52643775365454	200,201811571576
53	990	-3,57356164345839	198,868205490128
54	1019	-3,61283155162826	197,75686708892
55	1040	-3,65995544143211	196,423261007471
56	1060	-3,69922534960198	195,311922606264
57	1081	-3,73849525777185	194,200584205057
58	1099	-3,76991118430775	193,311513484091
59	1115	-3,80132711084365	192,422442763125
60	1126	-3,83274303737955	191,533372042159
61	1142	-3,85630498228147	190,866569001434
62	1157	-3,88772090881737	189,977498280468
63	1173	-3,91128285371929	189,310695239744
64	1187	-3,93484479862122	188,64389219902
65	1203	-3,95840674352314	187,977089158295
66	1219	-3,98196868842506	187,310286117571
67	1234	-3,98982267005904	187,088018437329
68	1246	-4,00553063332699	186,643483076846
69	1257	-4,02123859659494	186,198947716363
70	1266	-4,02909257822891	185,976680036122
71	1275	-4,03694655986288	185,75441235588
72	1282	-4,04480054149686	185,532144675639
73	1287	-4,04480054149686	185,532144675639
74	1292	-4,05265452313083	185,309876995397
75	1296	-4,05265452313083	185,309876995397
76	1300	-4,04480054149686	185,532144675639
77	1303	-4,03694655986288	185,75441235588
78	1307	-4,04480054149686	185,532144675639
79	1308	-4,02909257822891	185,976680036122
80	1310	-4,02123859659494	186,198947716363
81	1310	-4,01338461496096	186,421215396605
82	1307	-3,99767665169301	186,865750757088
83	1303	-3,98196868842506	187,310286117571
84	1300	-3,95840674352314	187,977089158295
85	1295	-3,93484479862122	188,64389219902
86	1289	-3,91913683535327	189,088427559503
87	1281	-3,88772090881737	189,977498280468
88	1274	-3,85630498228147	190,866569001434
89	1269	-3,83274303737955	191,533372042159
90	1258	-3,79347312920968	192,644710443366
91	1246	-3,76205720267378	193,533781164332
92	1235	-3,7227872945039	194,645119565539
93	1225	-3,68351738633403	195,756457966747
94	1215	-3,65210145979813	196,645528687713
95	1203	-3,61283155162826	197,75686708892
96	1187	-3,56570766182442	199,090473170369
97	1173	-3,52643775365454	200,201811571576
98	1159	-3,4793138638507	201,535417653025
99	1144	-3,43218997404685	202,869023734474
100	1127	-3,37721210260903	204,424897496165
101	1110	-3,32223423117121	205,980771257855
102	1092	-3,26725635973338	207,536645019545
103	1076	-3,21227848829556	209,092518781236
104	1059	-3,15730061685774	210,648392542926
105	1041	-3,09446876378595	212,426533984858
106	1023	-3,03949089234813	213,982407746548
107	1007	-2,97665903927633	215,76054918848
108	989	-2,90597320457056	217,760958310653
109	970	-2,83528736986479	219,761367432826
110	951	-2,77245551679299	221,539508874758
111	932	-2,70176968208722	223,539917996932
112	912	-2,62322986574748	225,762594799346
113	892	-2,56039801267568	227,540736241278
114	870	-2,48971217796991	229,541145363452
115	851	-2,41117236163017	231,763822165866
116	831	-2,33263254529042	233,986498968281
117	811	-2,2462387473167	236,431443450937
118	804	-2,17555291261093	238,431852573111
119	783	-2,08915911463721	240,876797055767
120	761	-2,01061929829747	243,099473858182
121	738	-1,93207948195772	245,322150660596
122	718	-1,85353966561798	247,544827463011
123	698	-1,78285383091221	249,545236585185
124	675	-1,69646003293849	251,990181067841
125	654	-1,62577419823272	253,990590190014
126	629	-1,54723438189297	256,213266992429
127	610	-1,46084058391925	258,658211475085
128	593	-1,39015474921348	260,658620597258
129	576	-1,30376095123976	263,103565079915
130	556	-1,21736715326604	265,548509562571
131	539	-1,14668131856027	267,548918684744
132	529	-1,06028752058656	269,9938631674
133	512	-0,98174770424681	272,216539969815
134	496	-0,903207887907065	274,43921677223
135	476	-0,816814089933346	276,884161254886
136	460	-0,738274273593601	279,106838057301
137	446	-0,651880475619882	281,551782539957
138	430	-0,589048622548086	283,329923981889
139	412	-0,510508806208341	285,552600784304
140	397	-0,439822971502571	287,553009906477
141	385	-0,376991118430775	289,331151348409
142	374	-0,29845130209103	291,553828150824
143	362	-0,235619449019235	293,331969592756
144	351	-0,164933614313464	295,332378714929
145	339	-0,0942477796076938	297,332787837102
146	329	-0,0314159265358979	299,110929279034
147	319	0,0314159265358979	300,889070720966
148	308	0,0863937979737193	302,444944482656
149	298	0,149225651045515	304,223085924588
150	288	0,204203522483337	305,778959686278
151	279	0,251327412287183	307,112565767727
152	270	0,306305283725005	308,668439529418
153	262	0,353429173528852	310,002045610867
154	259	0,400553063332699	311,335651692315
155	252	0,439822971502571	312,446990093523
156	242	0,494800842940392	314,002863855213
157	234	0,534070751110265	315,114202256421
158	228	0,565486677646163	316,003272977386
159	223	0,61261056745001	317,336879058835
160	216	0,644026493985908	318,225949779801
161	208	0,68329640215578	319,337288181009
162	206	0,714712328691678	320,226358901974
163	200	0,738274273593601	320,893161942699
164	194	0,761836218495525	321,559964983423
165	189	0,785398163397448	322,226768024148
166	187	0,801106126665397	322,671303384631
167	182	0,824668071567321	323,338106425355
168	179	0,832522053201295	323,560374105597
169	173	0,848230016469244	324,00490946608
170	171	0,856083998103219	324,227177146321
171	170	0,863937979737193	324,449444826563
172	167	0,871791961371168	324,671712506804
173	165	0,879645943005142	324,893980187046
174	164	0,879645943005142	324,893980187046
175	163	0,879645943005142	324,893980187046
176	163	0,887499924639117	325,116247867287
177	162	0,863937979737193	324,449444826563
178	161	0,863937979737193	324,449444826563
179	160	0,856083998103219	324,227177146321
180	160	0,848230016469244	324,00490946608
181	159	0,824668071567321	323,338106425355
182	159	0,808960108299372	322,893571064872
183	159	0,785398163397448	322,226768024148
184	160	0,761836218495525	321,559964983423
185	162	0,738274273593601	320,893161942699
186	163	0,706858347057703	320,004091221733
187	165	0,675442420521806	319,115020500767
188	167	0,644026493985908	318,225949779801
189	169	0,61261056745001	317,336879058835
190	169	0,573340659280137	316,225540657628
191	172	0,534070751110265	315,114202256421
192	176	0,494800842940392	314,002863855213
193	179	0,45553093477052	312,891525454006
194	182	0,400553063332699	311,335651692315
195	187	0,361283155162826	310,224313291108
196	193	0,306305283725005	308,668439529418
197	199	0,251327412287183	307,112565767727
198	204	0,204203522483337	305,778959686278
199	210	0,141371669411541	304,000818244347
200	216	0,0863937979737193	302,444944482656
201	222	0,0235619449019235	300,666803040724
202	227	-0,0314159265358979	299,110929279034
203	232	-0,0942477796076938	297,332787837102
204	238	-0,15707963267949	295,55464639517
205	244	-0,22776546738526	293,554237272997
206	251	-0,290597320457056	291,776095831065
207	258	-0,361283155162826	289,775686708892
208	263	-0,439822971502571	287,553009906477
209	264	-0,502654824574367	285,774868464545
210	272	-0,581194640914112	283,552191662131
211	286	-0,659734457253856	281,329514859716
212	296	-0,738274273593601	279,106838057301
213	304	-0,816814089933346	276,884161254886
214	316	-0,903207887907065	274,43921677223
215	329	-0,973893722612836	272,438807650057
216	346	-1,05243353895258	270,216130847642
217	359	-1,13097335529233	267,993454045227
218	368	-1,2016591899981	265,993044923054
219	372	-1,28805298797182	263,548100440398
220	384	-1,36659280431156	261,325423637983
221	393	-1,4451326206513	259,102746835568
222	407	-1,52367243699105	256,880070033153
223	417	-1,60221225333079	254,657393230739
224	434	-1,68860605130451	252,212448748082
225	450	-1,76714586764426	249,989771945667
226	468	-1,845685683984	247,767095143253
227	487	-1,93207948195772	245,322150660596
228	506	-2,00276531666349	243,321741538423
229	523	-2,07345115136926	241,32133241625
230	539	-2,15984494934298	238,876387933594
231	556	-2,23838476568273	236,653711131179
232	564	-2,3090706003885	234,653302009006
233	583	-2,38761041672824	232,430625206591
234	604	-2,45829625143401	230,430216084417
235	623	-2,53683606777376	228,207539282003
236	641	-2,60752190247953	226,207130159829
237	663	-2,6782077371853	224,206721037656
238	685	-2,74889357189107	222,206311915483
239	710	-2,81172542496286	220,428170473551
240	730	-2,89026524130261	218,205493671136
241	751	-2,95309709437441	216,427352229204
242	772	-3,0159289474462	214,649210787272
243	795	-3,078760800518	212,871069345341
244	815	-3,13373867195582	211,31519558365
245	834	-3,19657052502761	209,537054141719
246	852	-3,24369441483146	208,20344806027
247	876	-3,29867228626928	206,647574298579
248	892	-3,3536501577071	205,091700536889
249	900	-3,40862802914493	203,535826775199
250	920	-3,45575191894877	202,20222069375
