MIN=0	-2000	-15	0
MAX=250	2000	15	350
SCALE=250	1000	5	100
DEC=0	0	2	1
DEF="Zeit" t / ms	"Relativdruck" p_B1 / hPa	"Weg" s_A1 / cm	"Volumen" V / cm^3
0	549	-2,96880505764235	215,982816868721
1	538	-2,89811922293658	217,983225990895
2	526	-2,81957940659684	220,205902793309
3	513	-2,74103959025709	222,428579595724
4	499	-2,65464579228338	224,87352407838
5	488	-2,59181393921158	226,651665520312
6	477	-2,51327412287183	228,874342322727
7	465	-2,43473430653209	231,097019125142
8	453	-2,37190245346029	232,875160567074
9	442	-2,29336263712055	235,097837369488
10	432	-2,2148228207808	237,320514171903
11	421	-2,13628300444106	239,543190974318
12	415	-2,05774318810131	241,765867776733
13	401	-1,98705735339554	243,766276898906
14	390	-1,90066355542182	246,211221381562
15	379	-1,82212373908208	248,433898183977
16	370	-1,74358392274234	250,656574986392
17	358	-1,65719012476862	253,101519469048
18	348	-1,58650429006285	255,101928591221
19	336	-1,5079644737231	257,324605393636
20	328	-1,4451326206513	259,102746835568
21	319	-1,36659280431156	261,325423637983
22	311	-1,29590696960579	263,325832760156
23	304	-1,22522113490002	265,326241882329
24	296	-1,15453530019425	267,326651004503
25	289	-1,08384946548848	269,327060126676
26	284	-1,01316363078271	271,327469248849
27	275	-0,950331777710912	273,105610690781
28	270	-0,879645943005142	275,106019812954
29	262	-0,808960108299372	277,106428935128
30	256	-0,738274273593601	279,106838057301
31	249	-0,675442420521805	280,884979499233
32	243	-0,604756585816035	282,885388621406
33	238	-0,541924732744239	284,663530063338
34	233	-0,486946861306418	286,219403825028
35	228	-0,431968989868597	287,775277586719
36	224	-0,38484510006475	289,108883668168
37	219	-0,329867228626928	290,664757429858
38	216	-0,274889357189107	292,220631191548
39	212	-0,219911485751286	293,776504953239
40	208	-0,172787595947439	295,110111034687
41	205	-0,125663706143592	296,443717116136
42	201	-0,0785398163397448	297,777323197585
43	199	-0,0235619449019235	299,333196959276
44	196	0,015707963267949	300,444535360483
45	194	0,0628318530717959	301,778141441932
46	192	0,0942477796076938	302,667212162898
47	190	0,133517687777566	303,778550564105
48	188	0,164933614313464	304,667621285071
49	186	0,204203522483337	305,778959686278
50	185	0,235619449019234	306,668030407244
51	184	0,267035375555132	307,55710112821
52	183	0,29845130209103	308,446171849176
53	183	0,314159265358979	308,890707209659
54	182	0,337721210260903	309,557510250384
55	182	0,361283155162826	310,224313291108
56	183	0,376991118430775	310,668848651591
57	182	0,400553063332699	311,335651692315
58	183	0,408407044966673	311,557919372557
59	184	0,424115008234622	312,00245473304
60	184	0,431968989868597	312,224722413281
61	185	0,431968989868597	312,224722413281
62	187	0,447676953136545	312,669257773764
63	188	0,45553093477052	312,891525454006
64	190	0,463384916404494	313,113793134247
65	192	0,463384916404494	313,113793134247
66	194	0,463384916404494	313,113793134247
67	196	0,463384916404494	313,113793134247
68	198	0,447676953136545	312,669257773764
69	199	0,439822971502571	312,446990093523
70	203	0,369137136796801	310,446580971349
71	206	0,361283155162826	310,224313291108
72	210	0,345575191894877	309,779777930625
73	213	0,329867228626928	309,335242570142
74	216	0,322013246992954	309,112974889901
75	220	0,306305283725005	308,668439529418
76	224	0,282743338823081	308,001636488693
77	228	0,259181393921158	307,334833447969
78	233	0,235619449019234	306,668030407244
79	237	0,204203522483337	305,778959686278
80	241	0,172787595947439	304,889888965313
81	246	0,141371669411541	304,000818244347
82	251	0,109955742875643	303,111747523381
83	255	0,0785398163397448	302,222676802415
84	261	0,0471238898038469	301,333606081449
85	267	0,00785398163397448	300,222267680241
86	271	-0,0314159265358979	299,110929279034
87	277	-0,0706858347057703	297,999590877827
88	284	-0,109955742875643	296,888252476619
89	290	-0,149225651045515	295,776914075412
90	297	-0,196349540849362	294,443307993963
91	303	-0,243473430653209	293,109701912514
92	310	-0,290597320457056	291,776095831065
93	317	-0,306305283725005	291,331560470582
94	324	-0,361283155162826	289,775686708892
95	331	-0,416261026600648	288,219812947202
96	339	-0,471238898038469	286,663939185511
97	347	-0,518362787842316	285,330333104062
98	355	-0,565486677646163	283,996727022614
99	363	-0,628318530717959	282,218585580682
100	371	-0,68329640215578	280,662711818991
101	380	-0,761836218495525	278,440035016577
102	389	-0,824668071567321	276,661893574645
103	397	-0,895353906273091	274,661484452472
104	406	-0,958185759344887	272,88334301054
105	416	-1,01316363078271	271,327469248849
106	425	-1,0759954838545	269,549327806918
107	435	-1,15453530019425	267,326651004503
108	444	-1,21736715326604	265,548509562571
109	454	-1,28019900633784	263,770368120639
110	464	-1,34303085940964	261,992226678707
111	475	-1,41371669411541	259,991817556534
112	485	-1,4765485471872	258,213676114602
113	496	-1,54723438189297	256,213266992429
114	508	-1,61792021659874	254,212857870256
115	519	-1,68075206967054	252,434716428324
116	531	-1,75143790437631	250,43430730615
117	542	-1,82212373908208	248,433898183977
118	553	-1,89280957378785	246,433489061804
119	565	-1,9713493901276	244,210812259389
120	576	-2,04203522483337	242,210403137216
121	588	-2,10486707790516	240,432261695284
122	599	-2,17555291261093	238,431852573111
123	611	-2,23838476568273	236,653711131179
124	622	-2,31692458202247	234,431034328764
125	634	-2,38761041672824	232,430625206591
126	647	-2,45044226980004	230,652483764659
127	660	-2,52898208613978	228,429806962244
128	674	-2,5839599575776	226,873933200554
129	687	-2,65464579228338	224,87352407838
130	700	-2,7096236637212	223,31765031669
131	713	-2,78030949842697	221,317241194517
132	725	-2,84314135149876	219,539099752585
133	737	-2,91382718620453	217,538690630412
134	748	-2,97665903927633	215,76054918848
135	760	-3,03949089234813	213,982407746548
136	772	-3,10232274541992	212,204266304616
137	783	-3,16515459849172	210,426124862684
138	796	-3,22013246992954	208,870251100994
139	808	-3,28296432300133	207,092109659062
140	820	-3,34579617607313	205,31396821713
141	831	-3,40077404751095	203,75809445544
142	842	-3,45575191894877	202,20222069375
143	853	-3,51072979038659	200,646346932059
144	864	-3,56570766182442	199,090473170369
145	874	-3,62068553326224	197,534599408679
146	884	-3,65995544143211	196,423261007471
147	893	-3,71493331286993	194,867387245781
148	903	-3,76205720267378	193,533781164332
149	911	-3,80918109247762	192,200175082883
150	920	-3,85630498228147	190,866569001434
151	927	-3,90342887208532	189,532962919985
152	930	-3,94269878025519	188,421624518778
153	941	-3,95055276188916	188,199356838537
154	949	-3,99767665169301	186,865750757088
155	955	-4,02909257822891	185,976680036122
156	960	-4,06050850476481	185,087609315156
157	970	-4,09977841293468	183,976270913949
158	978	-4,13119433947058	183,087200192983
159	984	-4,1547562843725	182,420397152258
160	987	-4,1861722109084	181,531326431292
161	991	-4,2175881374443	180,642255710326
162	996	-4,24115008234622	179,975452669602
163	997	-4,27256600888212	179,086381948636
164	997	-4,29612795378404	178,419578907912
165	997	-4,31968989868597	177,752775867187
166	999	-4,34325184358789	177,085972826463
167	1000	-4,35895980685584	176,64143746598
168	1000	-4,38252175175776	175,974634425255
169	999	-4,39822971502571	175,530099064772
170	999	-4,40608369665968	175,307831384531
171	999	-4,41393767829366	175,085563704289
172	997	-4,42179165992763	174,863296024048
173	995	-4,42964564156161	174,641028343806
174	991	-4,44535360482956	174,196492983324
175	988	-4,44535360482956	174,196492983324
176	983	-4,44535360482956	174,196492983324
177	977	-4,45320758646353	173,974225303082
178	971	-4,44535360482956	174,196492983324
179	967	-4,45320758646353	173,974225303082
180	961	-4,44535360482956	174,196492983324
181	954	-4,43749962319558	174,418760663565
182	947	-4,43749962319558	174,418760663565
183	940	-4,42179165992763	174,863296024048
184	933	-4,40608369665968	175,307831384531
185	925	-4,39037573339174	175,752366745014
186	916	-4,37466777012379	176,196902105497
187	907	-4,35110582522186	176,863705146221
188	897	-4,32754388031994	177,530508186946
189	887	-4,29612795378404	178,419578907912
190	878	-4,27256600888212	179,086381948636
191	866	-4,2490040639802	179,75318498936
192	856	-4,2175881374443	180,642255710326
193	842	-4,1861722109084	181,531326431292
194	834	-4,1547562843725	182,420397152258
195	823	-4,11548637620263	183,531735553466
196	812	-4,07621646803276	184,643073954673
197	800	-4,04480054149686	185,532144675639
198	789	-3,99767665169301	186,865750757088
199	778	-3,95055276188916	188,199356838537
200	773	-3,91128285371929	189,310695239744
201	757	-3,85630498228147	190,866569001434
202	745	-3,80918109247762	192,200175082883
203	731	-3,76205720267378	193,533781164332
204	728	-3,70707933123596	195,089654926022
205	716	-3,64424747816416	196,867796367954
206	697	-3,58926960672634	198,423670129645
207	684	-3,53429173528852	199,979543891335
208	667	-3,47145988221672	201,757685333267
209	654	-3,40862802914493	203,535826775199
210	639	-3,3536501577071	205,091700536889
211	624	-3,29081830463531	206,869841978821
212	606	-3,22013246992954	208,870251100994
213	593	-3,14944663522377	210,870660223167
214	595	-3,078760800518	212,871069345341
215	583	-3,0159289474462	214,649210787272
216	566	-2,93738913110646	216,871887589687
217	557	-2,85884931476671	219,094564392102
218	554	-2,78816348006094	221,094973514275
219	534	-2,7096236637212	223,31765031669
220	519	-2,63108384738145	225,540327119105
221	501	-2,54469004940773	227,985271601761
222	484	-2,47400421470196	229,985680723934
223	470	-2,39546439836222	232,208357526349
224	459	-2,31692458202247	234,431034328764
225	445	-2,23838476568273	236,653711131179
226	432	-2,15984494934298	238,876387933594
227	426	-2,08915911463721	240,876797055767
228	416	-2,01061929829747	243,099473858182
229	408	-1,93207948195772	245,322150660596
230	398	-1,85353966561798	247,544827463011
231	397	-1,77499984927823	249,767504265426
232	385	-1,69646003293849	251,990181067841
233	371	-1,61792021659874	254,212857870256
234	357	-1,539380400259	256,43553467267
235	347	-1,46084058391925	258,658211475085
236	335	-1,38230076757951	260,8808882775
237	321	-1,30376095123976	263,103565079915
238	308	-1,23307511653399	265,103974202088
239	300	-1,16238928182822	267,104383324261
240	293	-1,09170344712245	269,104792446435
241	287	-1,02101761241668	271,105201568608
242	280	-0,950331777710912	273,105610690781
243	275	-0,879645943005142	275,106019812954
244	271	-0,808960108299372	277,106428935128
245	268	-0,738274273593601	279,106838057301
246	264	-0,675442420521805	280,884979499233
247	254	-0,604756585816035	282,885388621406
248	247	-0,565486677646163	283,996727022614
249	243	-0,518362787842316	285,330333104062
250	235	-0,479092879672443	286,44167150527
